00110110100001101111100000010001000001101110111101010000100010011111010111110100010001110001011101110001001000101101011101110111010111000111110111100000000000000100110011010111001011011001001000010001
10011010011011100001110011011011110100100101101011111010100101100101110001101101110001010000000101010100011010110010001010010110011100111100011111011111001100100110100111110111100101001010111110100011
10111001100110111101011011101111111011111010111100101001101000100100100100101110110001101100101101101001011100010101110110110010001111001100111010000010101000101101000011000111000010100011101010110011
10010101100011101110001001101001000101101111011000010100111101101100001000110111001001010110010101011001000101011001001000111010001111111001110001101100101000110110010100101101000101101111010111111101
00111101010100111001110101101000110111111100011100110000111010000111010101110010000111001111101100110110001000111010110101001111010101111000011010010100001011001101011001111111011001011110000001000010
01011000101111010000000111111100011011010100100111010101001010011011101000001100111101000100001100100010101111010000000100100011000100000100001100100100000010110011100000111010100111111100001011010010
11001100111010000101011111010010101110010001001001011110110110011100110010101000001100001100101000110100100001001000111111001110111000001010001000111110101000110110011101011011000001001010110101111010
01110010010110110011010100111111010011011010001011000001100000001011100110001100100100000001001000011111001100001100111001110101111100100100100101011001001100000011110010110110101111001000110000100111
11110100111000000110010101010010010010110111011100010001111111001110111001001101001101000111001000011001111000111010101101100010100001100111110001000000000000000001111101111111111011010101100010111111
01011100101111010111110000110111101110110010100101111010111110111010000001100011001000000101001100111101010011001011001010010111011000111011011001100010111001110111111111000010010001111101110011101011
10110111110110101001011001101010011100010010010010110011001011110101111011011101010001111001111000111111111000111111010100100001100101100011010010100011001000100100100111100111110010110010000001010011
11111110001100101111000110111001000110110111011111001101110011011000110000000111011101110010001111010001000010110101010100001111010100101010001110010110001000111100111100100001000011100010000000100001
10110101101000110010101101101001010010111000010110110111011001011101111010111111110111110011100001111010111101110010001010000011110010000000000101101111011111100101111100010111000000010010010100111110
01111110001111100111111000111101001100110111001011001110011101100100111001100111011010110001101010001000110110100000010100110001111100011100001100110110101010011101100010101110101101000000011100000001
01000011111111001101001001011100010111011011110101101111000010010000010000100111000100011101000101011001001110111010111111001101001001011000001001110100100110011100101011011010001011110001111011011000
10111011100010101101110100000010001111101100000001010001011011010100101100011100100000011101011101011110110110110011000011110010100000110001001000010001010101100001010000010010101100111101010110101100
11101110001111010100011010110000100111110000101111110010000100111000000011000001000010111011100010110100000011101101010000100010110101010100011000001000001011011011100000011110001100001111000001110111
01000011000011101111000100001111101100101011001000100011001101001100010001111111010100001000000011111010111111011111001010100110100100111000101101100100011011001110111111001111101100110011010000101100
11011011110101000001000110101100110110000111001010011000110110101110000100110111101111100111101100101001011001001110111101110000011111110110010000011011100010101110110001010101010110111001111011111000
00010000000110011100100010111011000101101101100111001110011111100011000101101100011010000001111110100111000001000010010011100100001010001101101000010111110011110110011011100100100011100001011001011000
11010001001101000001000000100111011010010100111111001001100010010001010110000000111100100100010101011100011111101001011100000010011100100011111110100000111111001101011000001100000111010111010000011010
01001101110110101010001111000100111010101100001010100010001110101001100110101010111101010111010011100101111001100110111000111010001001000111010000001000010011100011011101110110100101011111110010111100
11001001001111111110001111101111000111010010101110111101001001101111000101000100001101011000000111011101001110110110100100011000110101010001110101100001010101010010010010111111001110100010101100110001
10100011100110000110110000000111010101010110100111010101011011010100110001001111100111100001010101111101001101100110100011110000100101111001110011011101010110110011100101000010100001011000111001100100
01011110000101010000010111101101000110111000101000011000010100011110110111100010100110011101110011101010011000010111100000110110110000101110111011001111110111111001011011010000011101100001111110000001
00110010010111000001000101101010010000101001101100010101101111010111111111001101100000101110100111110101001101111011001111011110000110010101110011001011100011100100010000111100010011101100100001001101
00000010001100000101011100110111110001011100001011101000101001010001101000000001101100010011010010011111110110110010000101011011001111111001000011011111011110111100001010001000000111101101001011110011
11000100000100100100111111001100111110000010100100110011010101001000010101011010110111010001100000100010001101100010001110000100001111110000100011011101010001110010010101100010010011010111110010010010
10011101101011001101011110011111001101011100000100111001010000100000001100011101100100100010001000110101100101100111101111111110000101100111000000010100111110011001000010011001011000111000110001010010
10000101100000000000111000001101111111010011101010100011011011110000001101111010110101010000100110100110101001010101011011011110000101110111111010101111011101111110011010011111110110110000000001011010
11101100101100000010111011100011010100011011110011100011101000001000000001001000011101011011110100110110101110101111000100010110101111111111111110101100110100000000101010011001100101100011000110010110
00101110100001000000111000010100110011010010010001101111111100101010100101110000011000110011001100110101110000111111001010000110001011000110110011000100000100110010110110111010011011111011111110010011
11111010111101001101011001110100000111101011011010111110010111100001010100010001101101111010110100011001001010111101100010011010010001010111101001000101011011110111011001010111110111100100111101000011
10100011111011110000001001010100010100000111111001001110000110001000100011111101111010101000000001000000011000100010111010111101000000100111010101110111100000100111011010011001101001101100000000101110
00001110111000000010101010101011100100101011000110100111111110000100010010000011000101110100011101001100010000111011100011000010000000000001110010100111011111010110011001111011010001011100100000100001
10100110110011110101001001101101110100110111000110111110000111001010101100101101010100110111101000001111111110110000111101100010110010001010100010110101000000010111110101001010100011100110000011111111
10000111010010011000110110111010000110111001110101011110011110000010000111000010100111000111110000110110011010010111110010000010011101000101000101111100010001101011100111101010110011101100101000110001
00111000010010011001101011010101111010011000000000100100011111111000111101001010101000101110100001010011100101010100100111011110101110000001000011011000000000001100010011010111110000100011010111010001
01111001011001010010000010000111100001110101001110000100000110010010000111001010011111100110101110011110111010110011011000001100111110100101011011110100001110110111011011010011010111111011100000101110
10100011000001101111111100011011000101100101110011011011101001100001100011111111001101111010100010111011101011110111101100111011000010000111100001000111110001111011100010111100101000000000011010010010
00011111010110111110100100101000000100001011101010101111100101001110100001001111000101100011101001011101001011000000010011111110011011100111110001011110001010111101010111010100011110000011100111110110
00100110110011101110100110100010110100110101000011110111000010110111101101001100001110010000100001000011001101011000101100111011110100111000000010001010011000110110101111000011001100001011110100001111
01101010011110000010001011101011110111001100011010000101101010111011011100100010100110010001101110000000000111101111011010001101111100111010110101010110100100110000101101010000111000111000010110010000
11001101111111101111001011100011111001011100000011101101000000011010111001100101101000100011110100000001010101000011101101001011001010010000011101101001111100001101101001101011101001111000101100110101
00010101100110110011011010011010110000000000111011010000001011001101111010010000011001110000101101100001011101001000101101100000111101110111000000110011110001011101100001010111001011000111110011011111
10001010010101110100010010111101101110101000110001011110110011101100110111100100100010001010100101111010011000000011101010000101000011011000100000010010100111101010001110100110000110111000001010111011
01011010001000111110010000000111001010111110000000010111111001000110110010011001111000001110011000100100110111111110111001011001111100010011010011111100100101111011010100001001111001110101001001010100
11101100111011110011111100100010011001000101001100010000011000010000010000010000001100010011110000010101010101110001100100011101001100111101100010101100100101111111100010100010110000011010111111010101
01000111100011101101000011000010101000011111000111101011000101001011011111101101101111101000111011000011110001101110100111111101001110101001100100011000001111011010001101001101111001111011101110001011
11101111010110000001000110000011111100100000011010100000111110000010001001111010111101001010100110101101000110010100011100101001001110011011100110011111001001100110100000001011111100001011101001011010
00110100100101010101001001100000100101010110111001010101111111010000011111111111100011000110101010111001110100111010110101100010010001100111011010001100001000110111101100100111110010010010000011001011
00110110010100111101001000110010101100010100011000011011100010110000010001110101100100011101010000101101110011010011101011111001000001001111011011001101111101100100111000011010011100100001100111000110
00110100111001011111011000110010101110100111011111101001110100011001010111011111110111000000000001001010000000101001000110000011100101111111000101001001111101101010011011000110111100010111110000001000
00110110000100100100110001011111111001100010011111100101101001110001100100010101100011011110001111001100001011101001110010101110001011000100011000000010111101100100011011010011010011101101101010000000
01011101100101000000001101011111001101100000000111110100100010010001001000010011111000100000010110000111101010001000100110000111001000011000010101100111010111010001110101111010001000111010101001100100
10011010010010101100101010010111010001100001110101001000101111101110001100000101011101011011100110101111000011110000010111011001010000111010011011101011011000101110111110001110010110011010011000111011
10000000101011101001011100110110001100010111000101011110000111100111110001111111000011100111111010001100001110110101001110011101000000110010100100001110101111110011000001011010001000010001111101011001
10100001011010000101110110110111110010011010101100101111001110100000111111100100011100001000111110010000000101111110100110111100000000010111110100110101010010011000010101111100111010011110111010011010
01001000101000000001001011001010101101101010000100101010000111101101000100010110101111101100010110101000101110101100101110011100001011111000000010111111111011101000001000010111000101110100011110010010
01110111101111111100011110001010101011101101110010010110010010110111000111011100101011100001010110011000010000110010011000110010001101010110111011011001010000100001110010110100111010010010011111110000
10100100100000101000111101001100001011101001100011011101111111011011110100100100000101110000001011011010011101110100000110011000010111011011101000010100001111011001100111000110110110000100000011000100
00101110001001100010110010000100100110110011011100110110110001111100010111110000011011000011101000101101010001100011100111111001110001101000000110010011011101000101110001101001000101011000111001000011
00001010001100100111010110010001110110011011111011010101000011001111010011110100101010100100101001101001011111010001110111010111000001111000100000100101100001001001100100101111110010101100111010110011
00000010000010011100110010100100101101100110100110111011011111001101101011111111010100010001010011001101010110000011000111101001101101101100000100001110011111010101111000000111001100110011111001101010
00001011100110000101111010011011010001011010000110001011000010101101011000001010111001000011111000100110000000011011100010101110010011011110000001111100100011100110001011011110011111100011001111101000
01011101011101001110001111010101100011001011000011100100001101010010110011101100001001010111101111011001011100000010101011111110001010110110010000010101001110010001011000100001010111110100100111001010
01000000111101000010110111011110011110000000001111101100011011110000110110011011010001001101001111000011010111001110100000010001110010011111101111110100000011100100011101010000101101100111001100000011
11000001101001010011101000100001101111011001101111101100101100101111000010001100011011111101111010010011011100000000001010000111011010110001110100001101010110110111010100100100000100101000100001101111
00110100010001110001001111000000100010001011000100111010111100011110101110111001000010101101011111100111011011000010110110100011101001010010111010001110000111011001110101100101111110101011111111010000
00100001000011110110111011110110000001100110001000001110100111001110100110000001000101010000000001000111110000101110000101001101010110110110011000101011011011010111011101111101000101110111101000110111
11010101000101000000110101111010100011011100100111001010100001101000110111110001100111110110100011000110001001011101000100000010010000001010001011111010100100000011011011001001101010010101010110110110
01110011110110111001101110010001001110101010111111101001110010001111100000111101111110000001001100010010100010000011110010111110000001000000110010100101110100111000111101011001110110010001110111111110
10000000000100110110001110010101111101110110100000010000101101111110001011101010111011111110011111001000000100101101001000110110011111101100101011010010101010101101001101100111101111100011000010101011
01101101101011000111101011110011001100101011011101111111000110111111001001011011111010101000111100011011011101111111111110101010010111110111000000110000100000101101001110001001100110100011101110110000
01010011100000101101111001100010010010111100011010000000110010111100010001000110101011011100110101011111101111000100101111000110111100011111000100110100101111101110000010010011000010000100110111101110
